728
0.0	-0.5	0.0	0.027532549817256537	0.0	
2.0646105465027716e-33	0.050650996345130705	-3.371764900606826e-17	0.02615592232639371	0.0	
2.0646105465027716e-33	0.050650996345130705	-3.371764900606826e-17	0.02615592232639371	0.0	
-2.596753560922846e-17	0.47931454621376635	0.1560207726670691	0.024848126210074026	0.0	
-2.596753560922846e-17	0.47931454621376635	0.1560207726670691	0.024848126210074026	0.0	
0.10997845910940748	0.824189535287041	0.21708531329254593	0.02360571989957032	0.0	
0.10997845910940748	0.824189535287041	0.21708531329254593	0.02360571989957032	0.0	
0.1989480881915111	1.0927618522984537	0.16508442153028619	0.022425433904591806	0.0	
0.1989480881915111	1.0927618522984537	0.16508442153028619	0.022425433904591806	0.0	
0.20204901514131088	1.3129888994825891	0.16283162221603845	0.021304162209362213	0.0	
0.20204901514131088	1.3129888994825891	0.16283162221603845	0.021304162209362213	1.0	
0.23086650496257338	1.4685627428911567	0.21116720706610445	0.0202389540988941	1.0	
0.20204901514131088	1.3129888994825891	0.16283162221603845	0.021304162209362213	1.0	
0.25830045289631	1.4674951776490994	0.14456736770241652	0.0202389540988941	1.0	
0.20204901514131088	1.3129888994825891	0.16283162221603845	0.021304162209362213	1.0	
0.15033442267181846	1.4690100421922292	0.14404329635654864	0.0202389540988941	1.0	
0.1989480881915111	1.0927618522984537	0.16508442153028619	0.022425433904591806	0.0	
0.3342341318360999	1.2646952979370636	0.13956541234161599	0.021304162209362213	0.0	
0.3342341318360999	1.2646952979370636	0.13956541234161599	0.021304162209362213	1.0	
0.4536030286991034	1.3606409643890647	0.07699151374083336	0.0202389540988941	1.0	
0.3342341318360999	1.2646952979370636	0.13956541234161599	0.021304162209362213	1.0	
0.385079662071	1.4206075057466205	0.11774540440414145	0.0202389540988941	1.0	
0.3342341318360999	1.2646952979370636	0.13956541234161599	0.021304162209362213	1.0	
0.47257891588926193	1.3553816264019487	0.14215535252490172	0.0202389540988941	1.0	
0.1989480881915111	1.0927618522984537	0.16508442153028619	0.022425433904591806	0.0	
0.20845150907782445	1.2941155196237735	0.07630926278503838	0.021304162209362213	0.0	
0.20845150907782445	1.2941155196237735	0.07630926278503838	0.021304162209362213	1.0	
0.189350254369732	1.457561658576991	0.059265232593441027	0.0202389540988941	1.0	
0.20845150907782445	1.2941155196237735	0.07630926278503838	0.021304162209362213	1.0	
0.2714227598307283	1.4362254723396506	0.0196578713368487	0.0202389540988941	1.0	
0.20845150907782445	1.2941155196237735	0.07630926278503838	0.021304162209362213	1.0	
0.16838247750572488	1.4252629661086804	-0.01623703495113521	0.0202389540988941	1.0	
0.10997845910940748	0.824189535287041	0.21708531329254593	0.02360571989957032	0.0	
0.12647971438667263	1.0856114830806056	0.33598464421601854	0.022425433904591806	0.0	
0.12647971438667263	1.0856114830806056	0.33598464421601854	0.022425433904591806	0.0	
0.18029159071745454	1.2456240128579257	0.47745872468365996	0.021304162209362213	0.0	
0.18029159071745454	1.2456240128579257	0.47745872468365996	0.021304162209362213	1.0	
0.26517154995683495	1.3691633055024415	0.5474832413026542	0.0202389540988941	1.0	
0.18029159071745454	1.2456240128579257	0.47745872468365996	0.021304162209362213	1.0	
0.17048096680857744	1.3859948893379093	0.564463126469258	0.0202389540988941	1.0	
0.18029159071745454	1.2456240128579257	0.47745872468365996	0.021304162209362213	1.0	
0.23812497988740478	1.31987483973032	0.6135179435598278	0.0202389540988941	1.0	
0.12647971438667263	1.0856114830806056	0.33598464421601854	0.022425433904591806	0.0	
0.159557379783704	1.3025212488995337	0.3552372987966614	0.021304162209362213	0.0	
0.159557379783704	1.3025212488995337	0.3552372987966614	0.021304162209362213	1.0	
0.12696249370765872	1.4640993798409987	0.3693822002972893	0.0202389540988941	1.0	
0.159557379783704	1.3025212488995337	0.3552372987966614	0.021304162209362213	1.0	
0.21673302284328477	1.446515248359846	0.41326032177424216	0.0202389540988941	1.0	
0.159557379783704	1.3025212488995337	0.3552372987966614	0.021304162209362213	1.0	
0.22332966393098425	1.452959339137844	0.32932448313725066	0.0202389540988941	1.0	
0.12647971438667263	1.0856114830806056	0.33598464421601854	0.022425433904591806	0.0	
0.06356243107111312	1.2743295714783431	0.4305443699761701	0.021304162209362213	0.0	
0.06356243107111312	1.2743295714783431	0.4305443699761701	0.021304162209362213	1.0	
-0.007402651204072069	1.3783513473610025	0.537844996606232	0.0202389540988941	1.0	
0.06356243107111312	1.2743295714783431	0.4305443699761701	0.021304162209362213	1.0	
0.06830056747038127	1.4099129987930228	0.5252263721538644	0.0202389540988941	1.0	
0.06356243107111312	1.2743295714783431	0.4305443699761701	0.021304162209362213	1.0	
0.048642852110529836	1.436658877833749	0.4587684677849875	0.0202389540988941	1.0	
0.10997845910940748	0.824189535287041	0.21708531329254593	0.02360571989957032	0.0	
0.2666111618992781	1.0649044033048367	0.20055274422807418	0.022425433904591806	0.0	
0.2666111618992781	1.0649044033048367	0.20055274422807418	0.022425433904591806	0.0	
0.31895444454794036	1.2756617278222258	0.16372647523465073	0.021304162209362213	0.0	
0.31895444454794036	1.2756617278222258	0.16372647523465073	0.021304162209362213	1.0	
0.33774422645681346	1.4379840287167505	0.1895801396448353	0.0202389540988941	1.0	
0.31895444454794036	1.2756617278222258	0.16372647523465073	0.021304162209362213	1.0	
0.41084611309103897	1.4114019231621522	0.14135421882735366	0.0202389540988941	1.0	
0.31895444454794036	1.2756617278222258	0.16372647523465073	0.021304162209362213	1.0	
0.3206814473466216	1.4254259522898551	0.09345776408770547	0.0202389540988941	1.0	
0.2666111618992781	1.0649044033048367	0.20055274422807418	0.022425433904591806	0.0	
0.3869083179535508	1.2383041414111469	0.2636064374907122	0.021304162209362213	0.0	
0.3869083179535508	1.2383041414111469	0.2636064374907122	0.021304162209362213	1.0	
0.5168220845346261	1.3270486940958737	0.3147612501364029	0.0202389540988941	1.0	
0.3869083179535508	1.2383041414111469	0.2636064374907122	0.021304162209362213	1.0	
0.4725996703784651	1.3795444860345856	0.2547659394531946	0.0202389540988941	1.0	
0.3869083179535508	1.2383041414111469	0.2636064374907122	0.021304162209362213	1.0	
0.4383745213296962	1.3674773984329163	0.3532473701930397	0.0202389540988941	1.0	
0.2666111618992781	1.0649044033048367	0.20055274422807418	0.022425433904591806	0.0	
0.4289834406683412	1.2027398397449571	0.14441649290288283	0.021304162209362213	0.0	
0.4289834406683412	1.2027398397449571	0.14441649290288283	0.021304162209362213	1.0	
0.5131722911391684	1.317824728774709	0.06052547426131138	0.0202389540988941	1.0	
0.4289834406683412	1.2027398397449571	0.14441649290288283	0.021304162209362213	1.0	
0.5289682236979817	1.3345172526172404	0.1472010672893047	0.0202389540988941	1.0	
0.4289834406683412	1.2027398397449571	0.14441649290288283	0.021304162209362213	1.0	
0.581717307836235	1.259933483922145	0.116645102570683	0.0202389540988941	1.0	
-2.596753560922846e-17	0.47931454621376635	0.1560207726670691	0.024848126210074026	0.0	
-0.12120475966501952	0.8146795347341067	0.24321382507073322	0.02360571989957032	0.0	
-0.12120475966501952	0.8146795347341067	0.24321382507073322	0.02360571989957032	0.0	
-0.21338156684859438	1.0358912615136422	0.4023351161056355	0.022425433904591806	0.0	
-0.21338156684859438	1.0358912615136422	0.4023351161056355	0.022425433904591806	0.0	
-0.20857110004459015	1.2110688250169999	0.5357679599571268	0.021304162209362213	0.0	
-0.20857110004459015	1.2110688250169999	0.5357679599571268	0.021304162209362213	1.0	
-0.1670241598608452	1.359362842234216	0.5962058078196892	0.0202389540988941	1.0	
-0.20857110004459015	1.2110688250169999	0.5357679599571268	0.021304162209362213	1.0	
-0.25529458567323227	1.3514820911379393	0.609734356538752	0.0202389540988941	1.0	
-0.20857110004459015	1.2110688250169999	0.5357679599571268	0.021304162209362213	1.0	
-0.21255598972614012	1.3008457163012788	0.6746716232668699	0.0202389540988941	1.0	
-0.21338156684859438	1.0358912615136422	0.4023351161056355	0.022425433904591806	0.0	
-0.3206957582528572	1.2198067127024332	0.45866818189664627	0.021304162209362213	0.0	
-0.3206957582528572	1.2198067127024332	0.45866818189664627	0.021304162209362213	1.0	
-0.41969391787069815	1.3225888278241358	0.5423652453977008	0.0202389540988941	1.0	
-0.3206957582528572	1.2198067127024332	0.45866818189664627	0.021304162209362213	1.0	
-0.34893992253155115	1.3703864261012968	0.5211022617907568	0.0202389540988941	1.0	
-0.3206957582528572	1.2198067127024332	0.45866818189664627	0.021304162209362213	1.0	
-0.41702207439059974	1.3537010929266753	0.4458801797458916	0.0202389540988941	1.0	
-0.21338156684859438	1.0358912615136422	0.4023351161056355	0.022425433904591806	0.0	
-0.29278516895425494	1.148218065634036	0.5743595335959625	0.021304162209362213	0.0	
-0.29278516895425494	1.148218065634036	0.5743595335959625	0.021304162209362213	1.0	
-0.30428570130445565	1.2114979505595513	0.7267845681368325	0.0202389540988941	1.0	
-0.29278516895425494	1.148218065634036	0.5743595335959625	0.021304162209362213	1.0	
-0.3550530461131619	1.2732310484557723	0.6630413402726725	0.0202389540988941	1.0	
-0.29278516895425494	1.148218065634036	0.5743595335959625	0.021304162209362213	1.0	
-0.38880669036120724	1.188119798411629	0.70303632397927	0.0202389540988941	1.0	
-0.12120475966501952	0.8146795347341067	0.24321382507073322	0.02360571989957032	0.0	
-0.14415755776299075	1.101407045968843	0.24657246595119503	0.022425433904591806	0.0	
-0.14415755776299075	1.101407045968843	0.24657246595119503	0.022425433904591806	0.0	
-0.20202409083839426	1.3051367968270347	0.1860720847190554	0.021304162209362213	0.0	
-0.20202409083839426	1.3051367968270347	0.1860720847190554	0.021304162209362213	1.0	
-0.2905258750282211	1.44434886781907	0.1735249447805721	0.0202389540988941	1.0	
-0.20202409083839426	1.3051367968270347	0.1860720847190554	0.021304162209362213	1.0	
-0.20175918452658997	1.4702611370055203	0.1758799632237212	0.0202389540988941	1.0	
-0.20202409083839426	1.3051367968270347	0.1860720847190554	0.021304162209362213	1.0	
-0.26258430477953953	1.4287635562795291	0.09431761850629923	0.0202389540988941	1.0	
-0.14415755776299075	1.101407045968843	0.24657246595119503	0.022425433904591806	0.0	
-0.22586759724910643	1.3020539667850564	0.28630816499237566	0.021304162209362213	0.0	
-0.22586759724910643	1.3020539667850564	0.28630816499237566	0.021304162209362213	1.0	
-0.25627187971501075	1.4449609968012478	0.36391716972117477	0.0202389540988941	1.0	
-0.22586759724910643	1.3020539667850564	0.28630816499237566	0.021304162209362213	1.0	
-0.2844151438908313	1.4543196440655337	0.2587882532944325	0.0202389540988941	1.0	
-0.22586759724910643	1.3020539667850564	0.28630816499237566	0.021304162209362213	1.0	
-0.3066769421834489	1.4247362271626995	0.3623930517651417	0.0202389540988941	1.0	
-0.14415755776299075	1.101407045968843	0.24657246595119503	0.022425433904591806	0.0	
-0.0859781447460822	1.3135977129244423	0.25681550856984586	0.021304162209362213	0.0	
-0.0859781447460822	1.3135977129244423	0.25681550856984586	0.021304162209362213	1.0	
-0.013626069696677623	1.4570400955910061	0.21732554368895163	0.0202389540988941	1.0	
-0.0859781447460822	1.3135977129244423	0.25681550856984586	0.021304162209362213	1.0	
-0.09875644587339648	1.4785372795451706	0.25553035543660557	0.0202389540988941	1.0	
-0.0859781447460822	1.3135977129244423	0.25681550856984586	0.021304162209362213	1.0	
-0.01207558376686064	1.4522015724747177	0.3087518044888833	0.0202389540988941	1.0	
-0.12120475966501952	0.8146795347341067	0.24321382507073322	0.02360571989957032	0.0	
-0.2840488656361327	1.051813359071449	0.24286223785336705	0.022425433904591806	0.0	
-0.2840488656361327	1.051813359071449	0.24286223785336705	0.022425433904591806	0.0	
-0.4632697556773073	1.1798159999074065	0.2397254120673662	0.021304162209362213	0.0	
-0.4632697556773073	1.1798159999074065	0.2397254120673662	0.021304162209362213	1.0	
-0.5974559314673218	1.2607477372503308	0.29277370471488917	0.0202389540988941	1.0	
-0.4632697556773073	1.1798159999074065	0.2397254120673662	0.021304162209362213	1.0	
-0.5665853286123074	1.3016134850336094	0.1965830634832316	0.0202389540988941	1.0	
-0.4632697556773073	1.1798159999074065	0.2397254120673662	0.021304162209362213	1.0	
-0.621769977647797	1.2250574752134125	0.22555199389278635	0.0202389540988941	1.0	
-0.2840488656361327	1.051813359071449	0.24286223785336705	0.022425433904591806	0.0	
-0.3599809260384104	1.2508340448041724	0.29889554953207315	0.021304162209362213	0.0	
-0.3599809260384104	1.2508340448041724	0.29889554953207315	0.021304162209362213	1.0	
-0.3712007638499954	1.4155299542942195	0.30982120155096027	0.0202389540988941	1.0	
-0.3599809260384104	1.2508340448041724	0.29889554953207315	0.021304162209362213	1.0	
-0.45462238256274157	1.3865255555915141	0.29979323684496145	0.0202389540988941	1.0	
-0.3599809260384104	1.2508340448041724	0.29889554953207315	0.021304162209362213	1.0	
-0.4284467678635087	1.3713258183768793	0.3892512811698288	0.0202389540988941	1.0	
-0.2840488656361327	1.051813359071449	0.24286223785336705	0.022425433904591806	0.0	
-0.36847240676781495	1.2448243831610375	0.17856563260225627	0.021304162209362213	0.0	
-0.36847240676781495	1.2448243831610375	0.17856563260225627	0.021304162209362213	1.0	
-0.47122941839223864	1.353977247961636	0.10858959453814296	0.0202389540988941	1.0	
-0.36847240676781495	1.2448243831610375	0.17856563260225627	0.021304162209362213	1.0	
-0.43587585411622504	1.3956576532848368	0.18728900033616655	0.0202389540988941	1.0	
-0.36847240676781495	1.2448243831610375	0.17856563260225627	0.021304162209362213	1.0	
-0.3758885713295774	1.4005364795968256	0.12316941646726448	0.0202389540988941	1.0	
-2.596753560922846e-17	0.47931454621376635	0.1560207726670691	0.024848126210074026	0.0	
0.027031438522789455	0.7615370072998862	0.3892217192090023	0.02360571989957032	0.0	
0.027031438522789455	0.7615370072998862	0.3892217192090023	0.02360571989957032	0.0	
0.1443798062933925	0.9711515363699683	0.5474680047649639	0.022425433904591806	0.0	
0.1443798062933925	0.9711515363699683	0.5474680047649639	0.022425433904591806	0.0	
0.252616511119417	1.1560679351617773	0.5985109704939897	0.021304162209362213	0.0	
0.252616511119417	1.1560679351617773	0.5985109704939897	0.021304162209362213	1.0	
0.2822062075799556	1.3167518723577085	0.6244940308583354	0.0202389540988941	1.0	
0.252616511119417	1.1560679351617773	0.5985109704939897	0.021304162209362213	1.0	
0.35932201110786427	1.2582266164352456	0.6729927625507821	0.0202389540988941	1.0	
0.252616511119417	1.1560679351617773	0.5985109704939897	0.021304162209362213	1.0	
0.357774692539742	1.2831643084943727	0.5859305888868396	0.0202389540988941	1.0	
0.1443798062933925	0.9711515363699683	0.5474680047649639	0.022425433904591806	0.0	
0.16731201424556896	1.1235792525239798	0.7048037869337128	0.021304162209362213	0.0	
0.16731201424556896	1.1235792525239798	0.7048037869337128	0.021304162209362213	1.0	
0.18303470855314274	1.1905597510435342	0.8552577896624289	0.0202389540988941	1.0	
0.16731201424556896	1.1235792525239798	0.7048037869337128	0.021304162209362213	1.0	
0.2366360993360086	1.2406734204505836	0.7988948295427722	0.0202389540988941	1.0	
0.16731201424556896	1.1235792525239798	0.7048037869337128	0.021304162209362213	1.0	
0.14314137469758936	1.2624272891270718	0.7914467332745323	0.0202389540988941	1.0	
0.1443798062933925	0.9711515363699683	0.5474680047649639	0.022425433904591806	0.0	
0.2587691685036027	1.0704301037392732	0.7073851177903728	0.021304162209362213	0.0	
0.2587691685036027	1.0704301037392732	0.7073851177903728	0.021304162209362213	1.0	
0.38609094430597773	1.1126834183189753	0.8042036080123772	0.0202389540988941	1.0	
0.2587691685036027	1.0704301037392732	0.7073851177903728	0.021304162209362213	1.0	
0.36405288377960626	1.174051747441781	0.781869287178115	0.0202389540988941	1.0	
0.2587691685036027	1.0704301037392732	0.7073851177903728	0.021304162209362213	1.0	
0.2940397087633872	1.171440191754847	0.8335712832134449	0.0202389540988941	1.0	
0.027031438522789455	0.7615370072998862	0.3892217192090023	0.02360571989957032	0.0	
0.010941351315816557	1.029702707611379	0.49207619591310553	0.022425433904591806	0.0	
0.010941351315816557	1.029702707611379	0.49207619591310553	0.022425433904591806	0.0	
-0.07580391249618311	1.2196747352332302	0.5620799893215415	0.021304162209362213	0.0	
-0.07580391249618311	1.2196747352332302	0.5620799893215415	0.021304162209362213	1.0	
-0.12946795844562828	1.337441728948238	0.6651387230561222	0.0202389540988941	1.0	
-0.07580391249618311	1.2196747352332302	0.5620799893215415	0.021304162209362213	1.0	
-0.11808979302858792	1.379594229477269	0.5648471003854657	0.0202389540988941	1.0	
-0.07580391249618311	1.2196747352332302	0.5620799893215415	0.021304162209362213	1.0	
-0.1890016051410736	1.3321130916852715	0.605828082006214	0.0202389540988941	1.0	
0.010941351315816557	1.029702707611379	0.49207619591310553	0.022425433904591806	0.0	
0.06854168072034428	1.2156779484485118	0.5950813172042442	0.021304162209362213	0.0	
0.06854168072034428	1.2156779484485118	0.5950813172042442	0.021304162209362213	1.0	
0.14961431799112038	1.3557992379454755	0.6291877528283201	0.0202389540988941	1.0	
0.06854168072034428	1.2156779484485118	0.5950813172042442	0.021304162209362213	1.0	
0.062278172415733295	1.3720931945467174	0.6486073528043695	0.0202389540988941	1.0	
0.06854168072034428	1.2156779484485118	0.5950813172042442	0.021304162209362213	1.0	
0.07501683546070305	1.333659109870739	0.7108764602624085	0.0202389540988941	1.0	
0.010941351315816557	1.029702707611379	0.49207619591310553	0.022425433904591806	0.0	
0.005787431883104646	1.2498654924861274	0.4961293964778769	0.021304162209362213	0.0	
0.005787431883104646	1.2498654924861274	0.4961293964778769	0.021304162209362213	1.0	
-0.0531202303485085	1.4041866379151906	0.48691697881592505	0.0202389540988941	1.0	
0.005787431883104646	1.2498654924861274	0.4961293964778769	0.021304162209362213	1.0	
-0.004992523511468487	1.4040578866401177	0.555108167082745	0.0202389540988941	1.0	
0.005787431883104646	1.2498654924861274	0.4961293964778769	0.021304162209362213	1.0	
0.05383003800776925	1.4068911268415105	0.4760083779313391	0.0202389540988941	1.0	
0.027031438522789455	0.7615370072998862	0.3892217192090023	0.02360571989957032	0.0	
0.001270806748855295	0.916482239864836	0.6302178641241394	0.022425433904591806	0.0	
0.001270806748855295	0.916482239864836	0.6302178641241394	0.022425433904591806	0.0	
0.03236960842691935	0.9828593547543356	0.8379233920170593	0.021304162209362213	0.0	
0.03236960842691935	0.9828593547543356	0.8379233920170593	0.021304162209362213	1.0	
0.11000758857608624	1.033118716616134	0.9750960489823323	0.0202389540988941	1.0	
0.03236960842691935	0.9828593547543356	0.8379233920170593	0.021304162209362213	1.0	
0.02917853914090843	1.0789651041341706	0.9725469384280137	0.0202389540988941	1.0	
0.03236960842691935	0.9828593547543356	0.8379233920170593	0.021304162209362213	1.0	
0.012967861348395313	0.9951455766259818	1.001760561785497	0.0202389540988941	1.0	
0.001270806748855295	0.916482239864836	0.6302178641241394	0.022425433904591806	0.0	
0.033073634528340785	1.077404042874557	0.7772124103681102	0.021304162209362213	0.0	
0.033073634528340785	1.077404042874557	0.7772124103681102	0.021304162209362213	1.0	
0.04420309159338809	1.2295773526776936	0.8411609537784646	0.0202389540988941	1.0	
0.033073634528340785	1.077404042874557	0.7772124103681102	0.021304162209362213	1.0	
0.018720115199493067	1.166187455133642	0.9160701772586222	0.0202389540988941	1.0	
0.033073634528340785	1.077404042874557	0.7772124103681102	0.021304162209362213	1.0	
0.09684800811993635	1.1607849373553571	0.9050813000320598	0.0202389540988941	1.0	
0.001270806748855295	0.916482239864836	0.6302178641241394	0.022425433904591806	0.0	
-0.09197564424582984	1.0184934655453122	0.8017213695582988	0.021304162209362213	0.0	
-0.09197564424582984	1.0184934655453122	0.8017213695582988	0.021304162209362213	1.0	
-0.16584230668044084	1.040543016569996	0.9481028257462024	0.0202389540988941	1.0	
-0.09197564424582984	1.0184934655453122	0.8017213695582988	0.021304162209362213	1.0	
-0.10793630617397745	1.113727440332174	0.9360558199141954	0.0202389540988941	1.0	
-0.09197564424582984	1.0184934655453122	0.8017213695582988	0.021304162209362213	1.0	
-0.2082901636544343	1.0867859412244911	0.8975183819107942	0.0202389540988941	1.0	
2.0646105465027716e-33	0.050650996345130705	-3.371764900606826e-17	0.02615592232639371	0.0	
0.09783062623909711	0.47931454621376635	-0.1215386772731026	0.024848126210074026	0.0	
0.09783062623909711	0.47931454621376635	-0.1215386772731026	0.024848126210074026	0.0	
0.08538334302683238	0.7974318322171219	-0.3043209388978689	0.02360571989957032	0.0	
0.08538334302683238	0.7974318322171219	-0.3043209388978689	0.02360571989957032	0.0	
0.011504810140114919	1.0666799498293713	-0.3735899121017687	0.022425433904591806	0.0	
0.011504810140114919	1.0666799498293713	-0.3735899121017687	0.022425433904591806	0.0	
0.003442491564512604	1.2867476745577806	-0.3691358447259489	0.021304162209362213	0.0	
0.003442491564512604	1.2867476745577806	-0.3691358447259489	0.021304162209362213	1.0	
0.05402029584049597	1.444247124598765	-0.37154544774672565	0.0202389540988941	1.0	
0.003442491564512604	1.2867476745577806	-0.3691358447259489	0.021304162209362213	1.0	
-0.039066525055565085	1.4415939911321467	-0.4089554251438186	0.0202389540988941	1.0	
0.003442491564512604	1.2867476745577806	-0.3691358447259489	0.021304162209362213	1.0	
-0.03484957406740401	1.439943893138602	-0.31979383871192113	0.0202389540988941	1.0	
0.011504810140114919	1.0666799498293713	-0.3735899121017687	0.022425433904591806	0.0	
-0.026095004845572863	1.2460736583493421	-0.49573242894433034	0.021304162209362213	0.0	
-0.026095004845572863	1.2460736583493421	-0.49573242894433034	0.021304162209362213	1.0	
-0.10403935451608516	1.3530021037664608	-0.5950349120473684	0.0202389540988941	1.0	
-0.026095004845572863	1.2460736583493421	-0.49573242894433034	0.021304162209362213	1.0	
-0.03819290984022277	1.4055175013989096	-0.5381741400742454	0.0202389540988941	1.0	
-0.026095004845572863	1.2460736583493421	-0.49573242894433034	0.021304162209362213	1.0	
-0.012308903842110124	1.3564748873799422	-0.6181722479697	0.0202389540988941	1.0	
0.011504810140114919	1.0666799498293713	-0.3735899121017687	0.022425433904591806	0.0	
-0.10594268975978167	1.2526693049016575	-0.38493397359668924	0.021304162209362213	0.0	
-0.10594268975978167	1.2526693049016575	-0.38493397359668924	0.021304162209362213	1.0	
-0.15790517691767958	1.4060320208560746	-0.3510256483835497	0.0202389540988941	1.0	
-0.10594268975978167	1.2526693049016575	-0.38493397359668924	0.021304162209362213	1.0	
-0.1767506308161805	1.3882136249596975	-0.44805267144975913	0.0202389540988941	1.0	
-0.10594268975978167	1.2526693049016575	-0.38493397359668924	0.021304162209362213	1.0	
-0.23096378645396506	1.3590754164487613	-0.36450208572212167	0.0202389540988941	1.0	
0.08538334302683238	0.7974318322171219	-0.3043209388978689	0.02360571989957032	0.0	
0.16070006555512562	1.0592450744971813	-0.39668973548175496	0.022425433904591806	0.0	
0.16070006555512562	1.0592450744971813	-0.39668973548175496	0.022425433904591806	0.0	
0.256559025478632	1.216422764456691	-0.5176065529453225	0.021304162209362213	0.0	
0.256559025478632	1.216422764456691	-0.5176065529453225	0.021304162209362213	1.0	
0.2846436725530698	1.3207949226742497	-0.6428571115190198	0.0202389540988941	1.0	
0.256559025478632	1.216422764456691	-0.5176065529453225	0.021304162209362213	1.0	
0.30838158040312225	1.3662194602768105	-0.5649918877840978	0.0202389540988941	1.0	
0.256559025478632	1.216422764456691	-0.5176065529453225	0.021304162209362213	1.0	
0.37292274802447756	1.2985854754354291	-0.6017419808886564	0.0202389540988941	1.0	
0.16070006555512562	1.0592450744971813	-0.39668973548175496	0.022425433904591806	0.0	
0.14222470858994626	1.265389683184722	-0.47204028065703363	0.021304162209362213	0.0	
0.14222470858994626	1.265389683184722	-0.47204028065703363	0.021304162209362213	1.0	
0.12318464927337902	1.4297291048051644	-0.47220724769012445	0.0202389540988941	1.0	
0.14222470858994626	1.265389683184722	-0.47204028065703363	0.021304162209362213	1.0	
0.16727103341415553	1.399575478700698	-0.5655114052349209	0.0202389540988941	1.0	
0.14222470858994626	1.265389683184722	-0.47204028065703363	0.021304162209362213	1.0	
0.07369782109455598	1.4099529927435355	-0.51417711080486	0.0202389540988941	1.0	
0.16070006555512562	1.0592450744971813	-0.39668973548175496	0.022425433904591806	0.0	
0.20890200033994502	1.2741329044877128	-0.39289010798653545	0.021304162209362213	0.0	
0.20890200033994502	1.2741329044877128	-0.39289010798653545	0.021304162209362213	1.0	
0.2816580083841444	1.4164037286615865	-0.3500465189950767	0.0202389540988941	1.0	
0.20890200033994502	1.2741329044877128	-0.39289010798653545	0.021304162209362213	1.0	
0.25569854676429016	1.423910981106228	-0.44529820127871966	0.0202389540988941	1.0	
0.20890200033994502	1.2741329044877128	-0.39289010798653545	0.021304162209362213	1.0	
0.1989836668033535	1.4350499180442924	-0.3557775946898254	0.0202389540988941	1.0	
0.08538334302683238	0.7974318322171219	-0.3043209388978689	0.02360571989957032	0.0	
0.0863415354617848	0.9832212399334221	-0.5239391415943675	0.022425433904591806	0.0	
0.0863415354617848	0.9832212399334221	-0.5239391415943675	0.022425433904591806	0.0	
0.0231265840287455	1.0865805174484455	-0.707883080964581	0.021304162209362213	0.0	
0.0231265840287455	1.0865805174484455	-0.707883080964581	0.021304162209362213	1.0	
-0.050350093992047894	1.1970528372513547	-0.8067114249742956	0.0202389540988941	1.0	
0.0231265840287455	1.0865805174484455	-0.707883080964581	0.021304162209362213	1.0	
0.030806510856866812	1.1801722149230782	-0.8440873765027231	0.0202389540988941	1.0	
0.0231265840287455	1.0865805174484455	-0.707883080964581	0.021304162209362213	1.0	
-0.05315255079668633	1.1148468827729385	-0.8519403730984259	0.0202389540988941	1.0	
0.0863415354617848	0.9832212399334221	-0.5239391415943675	0.022425433904591806	0.0	
0.0888955567543721	1.1743906476431776	-0.6333117967476565	0.021304162209362213	0.0	
0.0888955567543721	1.1743906476431776	-0.6333117967476565	0.021304162209362213	1.0	
0.14714232014448464	1.3068080828444903	-0.713579689734781	0.0202389540988941	1.0	
0.0888955567543721	1.1743906476431776	-0.6333117967476565	0.021304162209362213	1.0	
0.041679764166506185	1.2957799202858995	-0.7353182213143504	0.0202389540988941	1.0	
0.0888955567543721	1.1743906476431776	-0.6333117967476565	0.021304162209362213	1.0	
0.12094371796705225	1.3327623813909117	-0.6688266745868523	0.0202389540988941	1.0	
0.0863415354617848	0.9832212399334221	-0.5239391415943675	0.022425433904591806	0.0	
0.16126477085558016	1.106949267756051	-0.6900491265242048	0.021304162209362213	0.0	
0.16126477085558016	1.106949267756051	-0.6900491265242048	0.021304162209362213	1.0	
0.20830124781109077	1.1504366190241164	-0.8425824584573	0.0202389540988941	1.0	
0.16126477085558016	1.106949267756051	-0.6900491265242048	0.021304162209362213	1.0	
0.1609631050997514	1.2043471658280456	-0.8237785387125459	0.0202389540988941	1.0	
0.16126477085558016	1.106949267756051	-0.6900491265242048	0.021304162209362213	1.0	
0.2427460586921041	1.2263637977644277	-0.7704914474174399	0.0202389540988941	1.0	
0.09783062623909711	0.47931454621376635	-0.1215386772731026	0.024848126210074026	0.0	
0.1760293403996069	0.8368099344743605	-0.09247140780689286	0.02360571989957032	0.0	
0.1760293403996069	0.8368099344743605	-0.09247140780689286	0.02360571989957032	0.0	
0.3261341201575044	1.0821109186969324	-0.09930948803650456	0.022425433904591806	0.0	
0.3261341201575044	1.0821109186969324	-0.09930948803650456	0.022425433904591806	0.0	
0.39587352265447723	1.2803159293766968	-0.16538393578252383	0.021304162209362213	0.0	
0.39587352265447723	1.2803159293766968	-0.16538393578252383	0.021304162209362213	1.0	
0.393932817858573	1.4418194552759056	-0.20120071986943822	0.0202389540988941	1.0	
0.39587352265447723	1.2803159293766968	-0.16538393578252383	0.021304162209362213	1.0	
0.4945229997860345	1.4115343277327081	-0.1858780771371509	0.0202389540988941	1.0	
0.39587352265447723	1.2803159293766968	-0.16538393578252383	0.021304162209362213	1.0	
0.4433428754593636	1.4028806979809207	-0.2658555002999944	0.0202389540988941	1.0	
0.3261341201575044	1.0821109186969324	-0.09930948803650456	0.022425433904591806	0.0	
0.3905402635679905	1.2868058137314669	-0.049645700404763744	0.021304162209362213	0.0	
0.3905402635679905	1.2868058137314669	-0.049645700404763744	0.021304162209362213	1.0	
0.47880152044023355	1.4104002250946102	0.015961991601890612	0.0202389540988941	1.0	
0.3905402635679905	1.2868058137314669	-0.049645700404763744	0.021304162209362213	1.0	
0.43506807030406414	1.4448971242709505	-0.06950543843156973	0.0202389540988941	1.0	
0.3905402635679905	1.2868058137314669	-0.049645700404763744	0.021304162209362213	1.0	
0.39958195108642136	1.4322347201647927	0.028704017499871365	0.0202389540988941	1.0	
0.3261341201575044	1.0821109186969324	-0.09930948803650456	0.022425433904591806	0.0	
0.496539614672733	1.2209521256808793	-0.08517690701239633	0.021304162209362213	0.0	
0.496539614672733	1.2209521256808793	-0.08517690701239633	0.021304162209362213	1.0	
0.6331480269954564	1.3042053182712021	-0.1273319166968141	0.0202389540988941	1.0	
0.496539614672733	1.2209521256808793	-0.08517690701239633	0.021304162209362213	1.0	
0.5840878895736592	1.3563604779677512	-0.04816508554767762	0.0202389540988941	1.0	
0.496539614672733	1.2209521256808793	-0.08517690701239633	0.021304162209362213	1.0	
0.6458457895860632	1.2803181203127587	-0.045764446426590714	0.0202389540988941	1.0	
0.1760293403996069	0.8368099344743605	-0.09247140780689286	0.02360571989957032	0.0	
0.16249749419644877	1.1208713143294047	-0.13579344285994976	0.022425433904591806	0.0	
0.16249749419644877	1.1208713143294047	-0.13579344285994976	0.022425433904591806	0.0	
0.08030217680652983	1.3249473405769716	-0.1463550939768231	0.021304162209362213	0.0	
0.08030217680652983	1.3249473405769716	-0.1463550939768231	0.021304162209362213	1.0	
0.04277516486744708	1.4799079938903525	-0.10220855917595784	0.0202389540988941	1.0	
0.08030217680652983	1.3249473405769716	-0.1463550939768231	0.021304162209362213	1.0	
0.01841313987057152	1.4645128828545744	-0.2100826684733324	0.0202389540988941	1.0	
0.08030217680652983	1.3249473405769716	-0.1463550939768231	0.021304162209362213	1.0	
-0.00696286457450458	1.4596644522126765	-0.10627879648554703	0.0202389540988941	1.0	
0.16249749419644877	1.1208713143294047	-0.13579344285994976	0.022425433904591806	0.0	
0.1922624532823204	1.3367620373128186	-0.10385778716828092	0.021304162209362213	0.0	
0.1922624532823204	1.3367620373128186	-0.10385778716828092	0.021304162209362213	1.0	
0.2529188399925054	1.4896444411574685	-0.12168390792563617	0.0202389540988941	1.0	
0.1922624532823204	1.3367620373128186	-0.10385778716828092	0.021304162209362213	1.0	
0.16632841904242815	1.5	-0.1109845424673226	0.0202389540988941	1.0	
0.1922624532823204	1.3367620373128186	-0.10385778716828092	0.021304162209362213	1.0	
0.1994734645486152	1.4829756666290055	-0.026789160905604587	0.0202389540988941	1.0	
0.16249749419644877	1.1208713143294047	-0.13579344285994976	0.022425433904591806	0.0	
0.17983251034685796	1.3159189804380955	-0.23664257932010618	0.021304162209362213	0.0	
0.17983251034685796	1.3159189804380955	-0.23664257932010618	0.021304162209362213	1.0	
0.15729224645623185	1.435562139189128	-0.348657972472682	0.0202389540988941	1.0	
0.17983251034685796	1.3159189804380955	-0.23664257932010618	0.021304162209362213	1.0	
0.19334231220549564	1.4794772952310138	-0.2575270269103804	0.0202389540988941	1.0	
0.17983251034685796	1.3159189804380955	-0.23664257932010618	0.021304162209362213	1.0	
0.2010049596944465	1.427298689597926	-0.3571261259619827	0.0202389540988941	1.0	
0.1760293403996069	0.8368099344743605	-0.09247140780689286	0.02360571989957032	0.0	
0.1808116841690236	1.1048637255133098	0.011812202629620069	0.022425433904591806	0.0	
0.1808116841690236	1.1048637255133098	0.011812202629620069	0.022425433904591806	0.0	
0.24027557449537676	1.2786053225577618	0.13343681513811056	0.021304162209362213	0.0	
0.24027557449537676	1.2786053225577618	0.13343681513811056	0.021304162209362213	1.0	
0.305214812681318	1.425382445071387	0.17355375527266978	0.0202389540988941	1.0	
0.24027557449537676	1.2786053225577618	0.13343681513811056	0.021304162209362213	1.0	
0.23362715164623782	1.397756522865818	0.24801773490260928	0.0202389540988941	1.0	
0.24027557449537676	1.2786053225577618	0.13343681513811056	0.021304162209362213	1.0	
0.30991479953428935	1.3669248119149446	0.25476300098014576	0.0202389540988941	1.0	
0.1808116841690236	1.1048637255133098	0.011812202629620069	0.022425433904591806	0.0	
0.24027641813678738	1.3151197473272827	0.03957897898639249	0.021304162209362213	0.0	
0.24027641813678738	1.3151197473272827	0.03957897898639249	0.021304162209362213	1.0	
0.270642306145435	1.4739841957329034	0.004793966214596865	0.0202389540988941	1.0	
0.24027641813678738	1.3151197473272827	0.03957897898639249	0.021304162209362213	1.0	
0.254655844903807	1.4648018667271103	0.10856080596377458	0.0202389540988941	1.0	
0.24027641813678738	1.3151197473272827	0.03957897898639249	0.021304162209362213	1.0	
0.3363029589475285	1.4475690364304943	0.06419780331426939	0.0202389540988941	1.0	
0.1808116841690236	1.1048637255133098	0.011812202629620069	0.022425433904591806	0.0	
0.11496774260312638	1.3095196341907516	0.05972021413728998	0.021304162209362213	0.0	
0.11496774260312638	1.3095196341907516	0.05972021413728998	0.021304162209362213	1.0	
0.027135431578545068	1.4330610757892006	0.12599988359307587	0.0202389540988941	1.0	
0.11496774260312638	1.3095196341907516	0.05972021413728998	0.021304162209362213	1.0	
0.1155830763771876	1.4620187750295814	0.12385780563459502	0.0202389540988941	1.0	
0.11496774260312638	1.3095196341907516	0.05972021413728998	0.021304162209362213	1.0	
0.08115683094609356	1.4703670270884226	0.04088047724282599	0.0202389540988941	1.0	
0.09783062623909711	0.47931454621376635	-0.1215386772731026	0.024848126210074026	0.0	
0.29324999750952124	0.7730495600707512	-0.22299757853307353	0.02360571989957032	0.0	
0.29324999750952124	0.7730495600707512	-0.22299757853307353	0.02360571989957032	0.0	
0.45451244825093745	0.9476056620213076	-0.38509435937913244	0.022425433904591806	0.0	
0.45451244825093745	0.9476056620213076	-0.38509435937913244	0.022425433904591806	0.0	
0.5083274252790674	1.1078254090471424	-0.5263325414496376	0.021304162209362213	0.0	
0.5083274252790674	1.1078254090471424	-0.5263325414496376	0.021304162209362213	1.0	
0.5233628095311403	1.2592346076319798	-0.5912878263739589	0.0202389540988941	1.0	
0.5083274252790674	1.1078254090471424	-0.5263325414496376	0.021304162209362213	1.0	
0.6008785421374062	1.2066854242000409	-0.6213640383733039	0.0202389540988941	1.0	
0.5083274252790674	1.1078254090471424	-0.5263325414496376	0.021304162209362213	1.0	
0.5433946392839363	1.184096715590823	-0.6688912154592068	0.0202389540988941	1.0	
0.45451244825093745	0.9476056620213076	-0.38509435937913244	0.022425433904591806	0.0	
0.5916362391005491	1.1109790971270543	-0.44005643584028975	0.021304162209362213	0.0	
0.5916362391005491	1.1109790971270543	-0.44005643584028975	0.021304162209362213	1.0	
0.7315527811943243	1.1896864781122247	-0.48003776476125076	0.0202389540988941	1.0	
0.5916362391005491	1.1109790971270543	-0.44005643584028975	0.021304162209362213	1.0	
0.6456957566976971	1.2537599195580473	-0.5037840008212532	0.0202389540988941	1.0	
0.5916362391005491	1.1109790971270543	-0.44005643584028975	0.021304162209362213	1.0	
0.6811742564923695	1.249551185969235	-0.4277797558832793	0.0202389540988941	1.0	
0.45451244825093745	0.9476056620213076	-0.38509435937913244	0.022425433904591806	0.0	
0.6248310546386685	1.0210171532508368	-0.5039092087782703	0.021304162209362213	0.0	
0.6248310546386685	1.0210171532508368	-0.5039092087782703	0.021304162209362213	1.0	
0.7431697485992826	1.0259618692215604	-0.6194146222054122	0.0202389540988941	1.0	
0.6248310546386685	1.0210171532508368	-0.5039092087782703	0.021304162209362213	1.0	
0.7340198248520162	1.125705659965164	-0.5709026879873023	0.0202389540988941	1.0	
0.6248310546386685	1.0210171532508368	-0.5039092087782703	0.021304162209362213	1.0	
0.7785131219057038	1.0687190563445033	-0.5423324813755247	0.0202389540988941	1.0	
0.29324999750952124	0.7730495600707512	-0.22299757853307353	0.02360571989957032	0.0	
0.35804507627109594	1.0464139469642755	-0.2848383972094555	0.022425433904591806	0.0	
0.35804507627109594	1.0464139469642755	-0.2848383972094555	0.022425433904591806	0.0	
0.4558947808274584	1.243454023709543	-0.2741012356388385	0.021304162209362213	0.0	
0.4558947808274584	1.243454023709543	-0.2741012356388385	0.021304162209362213	1.0	
0.5641191624219275	1.3650917604270234	-0.3034566690380183	0.0202389540988941	1.0	
0.4558947808274584	1.243454023709543	-0.2741012356388385	0.021304162209362213	1.0	
0.4744631894113999	1.4078001696337976	-0.27015715680932484	0.0202389540988941	1.0	
0.4558947808274584	1.243454023709543	-0.2741012356388385	0.021304162209362213	1.0	
0.5413594950530638	1.3714924811944673	-0.21350475667737714	0.0202389540988941	1.0	
0.35804507627109594	1.0464139469642755	-0.2848383972094555	0.022425433904591806	0.0	
0.40546912631932264	1.2262998886760925	-0.402764859954753	0.021304162209362213	0.0	
0.40546912631932264	1.2262998886760925	-0.402764859954753	0.021304162209362213	1.0	
0.3855981630866124	1.3550086685433091	-0.5047903079596828	0.0202389540988941	1.0	
0.40546912631932264	1.2262998886760925	-0.402764859954753	0.021304162209362213	1.0	
0.4151329093265611	1.3856496545893484	-0.4461729310555234	0.0202389540988941	1.0	
0.40546912631932264	1.2262998886760925	-0.402764859954753	0.021304162209362213	1.0	
0.4941816304847922	1.3438274559829704	-0.4781794458312857	0.0202389540988941	1.0	
0.35804507627109594	1.0464139469642755	-0.2848383972094555	0.022425433904591806	0.0	
0.33491277331062946	1.2640033605268532	-0.31002543414079553	0.021304162209362213	0.0	
0.33491277331062946	1.2640033605268532	-0.31002543414079553	0.021304162209362213	1.0	
0.3480602208802184	1.4262142142658232	-0.2802801691900613	0.0202389540988941	1.0	
0.33491277331062946	1.2640033605268532	-0.31002543414079553	0.021304162209362213	1.0	
0.3516013150375712	1.4157745626117249	-0.3737199553184548	0.0202389540988941	1.0	
0.33491277331062946	1.2640033605268532	-0.31002543414079553	0.021304162209362213	1.0	
0.28184206914798504	1.408797405942858	-0.3699268699087224	0.0202389540988941	1.0	
0.29324999750952124	0.7730495600707512	-0.22299757853307353	0.02360571989957032	0.0	
0.5084336825403685	0.9635835441168081	-0.23497921982457232	0.022425433904591806	0.0	
0.5084336825403685	0.9635835441168081	-0.23497921982457232	0.022425433904591806	0.0	
0.6690907892444282	1.089419850060651	-0.3178596236365092	0.021304162209362213	0.0	
0.6690907892444282	1.089419850060651	-0.3178596236365092	0.021304162209362213	1.0	
0.7465394203686393	1.221791936221888	-0.37990265368516024	0.0202389540988941	1.0	
0.6690907892444282	1.089419850060651	-0.3178596236365092	0.021304162209362213	1.0	
0.7984510787548836	1.1923706588948866	-0.3239459766872087	0.0202389540988941	1.0	
0.6690907892444282	1.089419850060651	-0.3178596236365092	0.021304162209362213	1.0	
0.7974182963142505	1.1362241187698796	-0.41119455062072535	0.0202389540988941	1.0	
0.5084336825403685	0.9635835441168081	-0.23497921982457232	0.022425433904591806	0.0	
0.6172253331702598	1.1543045119065214	-0.2175283641802024	0.021304162209362213	0.0	
0.6172253331702598	1.1543045119065214	-0.2175283641802024	0.021304162209362213	1.0	
0.7258227962907233	1.266988556522808	-0.16387303519952875	0.0202389540988941	1.0	
0.6172253331702598	1.1543045119065214	-0.2175283641802024	0.021304162209362213	1.0	
0.7116965765307651	1.283723874862344	-0.25870857672626946	0.0202389540988941	1.0	
0.6172253331702598	1.1543045119065214	-0.2175283641802024	0.021304162209362213	1.0	
0.6483717392098498	1.3128091831602964	-0.18180487307337168	0.0202389540988941	1.0	
0.5084336825403685	0.9635835441168081	-0.23497921982457232	0.022425433904591806	0.0	
0.6980062998720544	1.0649873723294774	-0.18708214740911616	0.021304162209362213	0.0	
0.6980062998720544	1.0649873723294774	-0.18708214740911616	0.021304162209362213	1.0	
0.8605067613513779	1.0948151536819002	-0.17848559496590008	0.0202389540988941	1.0	
0.6980062998720544	1.0649873723294774	-0.18708214740911616	0.021304162209362213	1.0	
0.8163798630712938	1.1805498275497517	-0.18534556620235196	0.0202389540988941	1.0	
0.6980062998720544	1.0649873723294774	-0.18708214740911616	0.021304162209362213	1.0	
0.8058438076719109	1.1657730787899372	-0.1123605941591211	0.0202389540988941	1.0	
2.0646105465027716e-33	0.050650996345130705	-3.371764900606826e-17	0.02615592232639371	0.0	
-0.11238207227751787	0.47931454621376657	-0.10822546527615422	0.024848126210074026	0.0	
-0.11238207227751787	0.47931454621376657	-0.10822546527615422	0.024848126210074026	0.0	
-0.29239132803475404	0.7992513406463668	-0.10811106208862904	0.02360571989957032	0.0	
-0.29239132803475404	0.7992513406463668	-0.10811106208862904	0.02360571989957032	0.0	
-0.34405797152082823	1.0803349374405402	-0.07534909218311556	0.022425433904591806	0.0	
-0.34405797152082823	1.0803349374405402	-0.07534909218311556	0.022425433904591806	0.0	
-0.32462645519504046	1.298471589893141	-0.09887482690481539	0.021304162209362213	0.0	
-0.32462645519504046	1.298471589893141	-0.09887482690481539	0.021304162209362213	1.0	
-0.34636540489684964	1.4508395855488885	-0.15954944434095858	0.0202389540988941	1.0	
-0.32462645519504046	1.298471589893141	-0.09887482690481539	0.021304162209362213	1.0	
-0.32983267559733614	1.4598155247574314	-0.06266671749627967	0.0202389540988941	1.0	
-0.32462645519504046	1.298471589893141	-0.09887482690481539	0.021304162209362213	1.0	
-0.25558945886631207	1.4487233949865495	-0.1041932326236044	0.0202389540988941	1.0	
-0.34405797152082823	1.0803349374405402	-0.07534909218311556	0.022425433904591806	0.0	
-0.44943158899402313	1.2736221060123072	-0.08249852364750061	0.021304162209362213	0.0	
-0.44943158899402313	1.2736221060123072	-0.08249852364750061	0.021304162209362213	1.0	
-0.5517806842992511	1.3965438433546304	-0.04025037085644702	0.0202389540988941	1.0	
-0.44943158899402313	1.2736221060123072	-0.08249852364750061	0.021304162209362213	1.0	
-0.4864587230232632	1.4317575562824998	-0.05099982607547284	0.0202389540988941	1.0	
-0.44943158899402313	1.2736221060123072	-0.08249852364750061	0.021304162209362213	1.0	
-0.5229382351385234	1.4084265773079512	-0.14409823733676275	0.0202389540988941	1.0	
-0.34405797152082823	1.0803349374405402	-0.07534909218311556	0.022425433904591806	0.0	
-0.36717199840532566	1.2765638573940428	0.021988443738061032	0.021304162209362213	0.0	
-0.36717199840532566	1.2765638573940428	0.021988443738061032	0.021304162209362213	1.0	
-0.32785560253114965	1.4165396798423793	0.1009250472923491	0.0202389540988941	1.0	
-0.36717199840532566	1.2765638573940428	0.021988443738061032	0.021304162209362213	1.0	
-0.39087875822623525	1.4392912699813638	0.04009302787411869	0.0202389540988941	1.0	
-0.36717199840532566	1.2765638573940428	0.021988443738061032	0.021304162209362213	1.0	
-0.4017075928582791	1.389551954723183	0.1377942286239289	0.0202389540988941	1.0	
-0.29239132803475404	0.7992513406463668	-0.10811106208862904	0.02360571989957032	0.0	
-0.4527285401594378	1.0192374924250338	-0.20111024779287964	0.022425433904591806	0.0	
-0.4527285401594378	1.0192374924250338	-0.20111024779287964	0.022425433904591806	0.0	
-0.626037649660826	1.1306466458157605	-0.27899860551557865	0.021304162209362213	0.0	
-0.626037649660826	1.1306466458157605	-0.27899860551557865	0.021304162209362213	1.0	
-0.7649296910255655	1.2205065424543373	-0.28104727751219866	0.0202389540988941	1.0	
-0.626037649660826	1.1306466458157605	-0.27899860551557865	0.021304162209362213	1.0	
-0.7145502367232714	1.2364970894035177	-0.37027402805142884	0.0202389540988941	1.0	
-0.626037649660826	1.1306466458157605	-0.27899860551557865	0.021304162209362213	1.0	
-0.7725344838596214	1.1606238676647713	-0.3497802484412404	0.0202389540988941	1.0	
-0.4527285401594378	1.0192374924250338	-0.20111024779287964	0.022425433904591806	0.0	
-0.5372830882048738	1.2220983867820083	-0.21569205528243118	0.021304162209362213	0.0	
-0.5372830882048738	1.2220983867820083	-0.21569205528243118	0.021304162209362213	1.0	
-0.5484133480086305	1.3839117582678397	-0.24828879377570956	0.0202389540988941	1.0	
-0.5372830882048738	1.2220983867820083	-0.21569205528243118	0.021304162209362213	1.0	
-0.6391061251135501	1.3454057245261837	-0.25808741880780034	0.0202389540988941	1.0	
-0.5372830882048738	1.2220983867820083	-0.21569205528243118	0.021304162209362213	1.0	
-0.6051535272767894	1.365889322187065	-0.16999995934851383	0.0202389540988941	1.0	
-0.4527285401594378	1.0192374924250338	-0.20111024779287964	0.022425433904591806	0.0	
-0.5492818492298422	1.161175323664143	-0.33911660175832226	0.021304162209362213	0.0	
-0.5492818492298422	1.161175323664143	-0.33911660175832226	0.021304162209362213	1.0	
-0.6679538808119064	1.2391811195178595	-0.4239814470638072	0.0202389540988941	1.0	
-0.5492818492298422	1.161175323664143	-0.33911660175832226	0.021304162209362213	1.0	
-0.6113368643120078	1.3026474458065944	-0.3983180459550101	0.0202389540988941	1.0	
-0.5492818492298422	1.161175323664143	-0.33911660175832226	0.021304162209362213	1.0	
-0.5975215472368058	1.232020868591345	-0.4806222113131198	0.0202389540988941	1.0	
-0.29239132803475404	0.7992513406463668	-0.10811106208862904	0.02360571989957032	0.0	
-0.4578147892616709	1.0163099892804346	-0.01716383213182865	0.022425433904591806	0.0	
-0.4578147892616709	1.0163099892804346	-0.01716383213182865	0.022425433904591806	0.0	
-0.5156852661030294	1.2157504899233404	0.05624691488522984	0.021304162209362213	0.0	
-0.5156852661030294	1.2157504899233404	0.05624691488522984	0.021304162209362213	1.0	
-0.5368797982617199	1.3797742930129169	0.06036772329087753	0.0202389540988941	1.0	
-0.5156852661030294	1.2157504899233404	0.05624691488522984	0.021304162209362213	1.0	
-0.6067883826937382	1.3360392091148374	0.1240764321917743	0.0202389540988941	1.0	
-0.5156852661030294	1.2157504899233404	0.05624691488522984	0.021304162209362213	1.0	
-0.5143180741717411	1.354909149886248	0.1457063770949976	0.0202389540988941	1.0	
-0.4578147892616709	1.0163099892804346	-0.01716383213182865	0.022425433904591806	0.0	
-0.5998702025925567	1.1845573462774028	-0.022429719622813395	0.021304162209362213	0.0	
-0.5998702025925567	1.1845573462774028	-0.022429719622813395	0.021304162209362213	1.0	
-0.7432393456380946	1.26708957309319	-0.020501613161667383	0.0202389540988941	1.0	
-0.5998702025925567	1.1845573462774028	-0.022429719622813395	0.021304162209362213	1.0	
-0.6932295069037999	1.3108791383260863	0.029501411574569536	0.0202389540988941	1.0	
-0.5998702025925567	1.1845573462774028	-0.022429719622813395	0.021304162209362213	1.0	
-0.6650326888331413	1.3318819097452788	-0.060103591487217105	0.0202389540988941	1.0	
-0.4578147892616709	1.0163099892804346	-0.01716383213182865	0.022425433904591806	0.0	
-0.6253127108987636	1.1230810106803557	0.0780151487442748	0.021304162209362213	0.0	
-0.6253127108987636	1.1230810106803557	0.0780151487442748	0.021304162209362213	1.0	
-0.7283685109199777	1.1774022390102252	0.1954830314613462	0.0202389540988941	1.0	
-0.6253127108987636	1.1230810106803557	0.0780151487442748	0.021304162209362213	1.0	
-0.7084682092671253	1.240344162792814	0.1598962423072569	0.0202389540988941	1.0	
-0.6253127108987636	1.1230810106803557	0.0780151487442748	0.021304162209362213	1.0	
-0.7759426829528709	1.1878557013572815	0.10003441762399419	0.0202389540988941	1.0	
-0.11238207227751787	0.47931454621376657	-0.10822546527615422	0.024848126210074026	0.0	
-0.11370043227570867	0.8464103616021084	-0.10687567660565689	0.02360571989957032	0.0	
-0.11370043227570867	0.8464103616021084	-0.10687567660565689	0.02360571989957032	0.0	
-0.0956957194790223	1.1171459708301026	-0.20242062582335052	0.022425433904591806	0.0	
-0.0956957194790223	1.1171459708301026	-0.20242062582335052	0.022425433904591806	0.0	
-0.14871434192909805	1.3038195218402433	-0.30661589534602324	0.021304162209362213	0.0	
-0.14871434192909805	1.3038195218402433	-0.30661589534602324	0.021304162209362213	1.0	
-0.2372876336402937	1.4345363498033286	-0.35599078894613656	0.0202389540988941	1.0	
-0.14871434192909805	1.3038195218402433	-0.30661589534602324	0.021304162209362213	1.0	
-0.1503968892771177	1.4642543982193306	-0.34696210596063554	0.0202389540988941	1.0	
-0.14871434192909805	1.3038195218402433	-0.30661589534602324	0.021304162209362213	1.0	
-0.20952764541805355	1.4055584315085166	-0.4220322443334222	0.0202389540988941	1.0	
-0.0956957194790223	1.1171459708301026	-0.20242062582335052	0.022425433904591806	0.0	
-0.11117708150435647	1.3368325232026483	-0.20599683899472407	0.021304162209362213	0.0	
-0.11117708150435647	1.3368325232026483	-0.20599683899472407	0.021304162209362213	1.0	
-0.06636150105720434	1.4959609622697003	-0.1996959767856055	0.0202389540988941	1.0	
-0.11117708150435647	1.3368325232026483	-0.20599683899472407	0.021304162209362213	1.0	
-0.16392961421714417	1.4883240108388072	-0.24646283337864922	0.0202389540988941	1.0	
-0.11117708150435647	1.3368325232026483	-0.20599683899472407	0.021304162209362213	1.0	
-0.13859601830398618	1.4916080197496946	-0.1543950482437897	0.0202389540988941	1.0	
-0.0956957194790223	1.1171459708301026	-0.20242062582335052	0.022425433904591806	0.0	
-0.008195890795582689	1.304268750215052	-0.2788633401901366	0.021304162209362213	0.0	
-0.008195890795582689	1.304268750215052	-0.2788633401901366	0.021304162209362213	1.0	
0.02743878596851224	1.4283165319819553	-0.3823636536483053	0.0202389540988941	1.0	
-0.008195890795582689	1.304268750215052	-0.2788633401901366	0.021304162209362213	1.0	
0.009472817145346105	1.4653141452891556	-0.31236251511182617	0.0202389540988941	1.0	
-0.008195890795582689	1.304268750215052	-0.2788633401901366	0.021304162209362213	1.0	
0.10303384600674244	1.4230190903973818	-0.30880160321216904	0.0202389540988941	1.0	
-0.11370043227570867	0.8464103616021084	-0.10687567660565689	0.02360571989957032	0.0	
-0.21103777754893835	1.116303851307569	-0.08604967032205618	0.022425433904591806	0.0	
-0.21103777754893835	1.116303851307569	-0.08604967032205618	0.022425433904591806	0.0	
-0.2683682471638222	1.3093474908737681	0.003180445899509383	0.021304162209362213	0.0	
-0.2683682471638222	1.3093474908737681	0.003180445899509383	0.021304162209362213	1.0	
-0.2574263385034638	1.4662167343610402	0.05458387300227442	0.0202389540988941	1.0	
-0.2683682471638222	1.3093474908737681	0.003180445899509383	0.021304162209362213	1.0	
-0.34663164478287617	1.4534912730472742	0.024800064054060503	0.0202389540988941	1.0	
-0.2683682471638222	1.3093474908737681	0.003180445899509383	0.021304162209362213	1.0	
-0.334361567189237	1.418362781970812	0.10868184519999205	0.0202389540988941	1.0	
-0.21103777754893835	1.116303851307569	-0.08604967032205618	0.022425433904591806	0.0	
-0.22272835428479504	1.3347040717173695	-0.11211338657042173	0.021304162209362213	0.0	
-0.22272835428479504	1.3347040717173695	-0.11211338657042173	0.021304162209362213	1.0	
-0.26439976642095947	1.4816824983401404	-0.17560222616749335	0.0202389540988941	1.0	
-0.22272835428479504	1.3347040717173695	-0.11211338657042173	0.021304162209362213	1.0	
-0.233783530711172	1.4954015678520334	-0.07437620271230388	0.0202389540988941	1.0	
-0.22272835428479504	1.3347040717173695	-0.11211338657042173	0.021304162209362213	1.0	
-0.1758939014707735	1.490267354436785	-0.14336392791741825	0.0202389540988941	1.0	
-0.21103777754893835	1.116303851307569	-0.08604967032205618	0.022425433904591806	0.0	
-0.3393064032006839	1.2929220543178717	-0.11550833972455476	0.021304162209362213	0.0	
-0.3393064032006839	1.2929220543178717	-0.11550833972455476	0.021304162209362213	1.0	
-0.43851331069498417	1.4205939019782277	-0.08046713461231338	0.0202389540988941	1.0	
-0.3393064032006839	1.2929220543178717	-0.11550833972455476	0.021304162209362213	1.0	
-0.39179324938014815	1.43923170513961	-0.17215297133130233	0.0202389540988941	1.0	
-0.3393064032006839	1.2929220543178717	-0.11550833972455476	0.021304162209362213	1.0	
-0.4611993993320366	1.388611649390383	-0.17343584721702957	0.0202389540988941	1.0	
-0.11370043227570867	0.8464103616021084	-0.10687567660565689	0.02360571989957032	0.0	
-0.03643434373818723	1.1167844740242259	-0.046224477095505305	0.022425433904591806	0.0	
-0.03643434373818723	1.1167844740242259	-0.046224477095505305	0.022425433904591806	0.0	
0.0885914917719734	1.2972225528819994	-0.028188864623398747	0.021304162209362213	0.0	
0.0885914917719734	1.2972225528819994	-0.028188864623398747	0.021304162209362213	1.0	
0.149590180328571	1.4478338292898696	-0.05925976175363021	0.0202389540988941	1.0	
0.0885914917719734	1.2972225528819994	-0.028188864623398747	0.021304162209362213	1.0	
0.17004924180886322	1.42366544035221	0.04070836610783774	0.0202389540988941	1.0	
0.0885914917719734	1.2972225528819994	-0.028188864623398747	0.021304162209362213	1.0	
0.21805377416619756	1.3989220514292158	-0.044520633291641215	0.0202389540988941	1.0	
-0.03643434373818723	1.1167844740242259	-0.046224477095505305	0.022425433904591806	0.0	
-0.046377045428301795	1.3362320874022204	-0.0301455831675832	0.021304162209362213	0.0	
-0.046377045428301795	1.3362320874022204	-0.0301455831675832	0.021304162209362213	1.0	
-0.038785043909378654	1.4877841534088285	0.03576594873219423	0.0202389540988941	1.0	
-0.046377045428301795	1.3362320874022204	-0.0301455831675832	0.021304162209362213	1.0	
-0.00017328396391834243	1.4949114850436778	-0.0376328006745477	0.0202389540988941	1.0	
-0.046377045428301795	1.3362320874022204	-0.0301455831675832	0.021304162209362213	1.0	
-0.09497386272052226	1.4920472879162268	-0.0571635378117922	0.0202389540988941	1.0	
-0.03643434373818723	1.1167844740242259	-0.046224477095505305	0.022425433904591806	0.0	
0.023854861685631414	1.2935887712870882	0.07048068706997604	0.021304162209362213	0.0	
0.023854861685631414	1.2935887712870882	0.07048068706997604	0.021304162209362213	1.0	
0.11967797316952952	1.3993468594670089	0.15416554427474488	0.0202389540988941	1.0	
0.023854861685631414	1.2935887712870882	0.07048068706997604	0.021304162209362213	1.0	
0.04283122871139292	1.452072706755388	0.11398628358690092	0.0202389540988941	1.0	
0.023854861685631414	1.2935887712870882	0.07048068706997604	0.021304162209362213	1.0	
0.05403029827886708	1.390964064557443	0.20077839434922937	0.0202389540988941	1.0	
-0.11238207227751787	0.47931454621376657	-0.10822546527615422	0.024848126210074026	0.0	
-0.21756418518957166	0.7681860563326584	-0.3088566479052725	0.02360571989957032	0.0	
-0.21756418518957166	0.7681860563326584	-0.3088566479052725	0.02360571989957032	0.0	
-0.3882778126555647	0.9661420481962688	-0.4289443649734744	0.022425433904591806	0.0	
-0.3882778126555647	0.9661420481962688	-0.4289443649734744	0.022425433904591806	0.0	
-0.5287701823025873	1.1348171720646703	-0.44697877161981403	0.021304162209362213	0.0	
-0.5287701823025873	1.1348171720646703	-0.44697877161981403	0.021304162209362213	1.0	
-0.5844060679770917	1.2894138389112624	-0.4663311890514232	0.0202389540988941	1.0	
-0.5287701823025873	1.1348171720646703	-0.44697877161981403	0.021304162209362213	1.0	
-0.646130168063096	1.23341648615611	-0.509226713258882	0.0202389540988941	1.0	
-0.5287701823025873	1.1348171720646703	-0.44697877161981403	0.021304162209362213	1.0	
-0.6467447254375822	1.2438022206657617	-0.4073017809474238	0.0202389540988941	1.0	
-0.3882778126555647	0.9661420481962688	-0.4289443649734744	0.022425433904591806	0.0	
-0.45154191648894626	1.1534242045522074	-0.5260921402489316	0.021304162209362213	0.0	
-0.45154191648894626	1.1534242045522074	-0.5260921402489316	0.021304162209362213	1.0	
-0.468370524642139	1.2706563736567602	-0.6416058351512155	0.0202389540988941	1.0	
-0.45154191648894626	1.1534242045522074	-0.5260921402489316	0.021304162209362213	1.0	
-0.5456360014858102	1.2617748255960137	-0.6084112955126643	0.0202389540988941	1.0	
-0.45154191648894626	1.1534242045522074	-0.5260921402489316	0.021304162209362213	1.0	
-0.4993350288786951	1.31078416585137	-0.5440826439477452	0.0202389540988941	1.0	
-0.3882778126555647	0.9661420481962688	-0.4289443649734744	0.022425433904591806	0.0	
-0.5112979799669092	1.0693807602589613	-0.5796840410062529	0.021304162209362213	0.0	
-0.5112979799669092	1.0693807602589613	-0.5796840410062529	0.021304162209362213	1.0	
-0.6440516520999785	1.1344085980786207	-0.6539662062883419	0.0202389540988941	1.0	
-0.5112979799669092	1.0693807602589613	-0.5796840410062529	0.021304162209362213	1.0	
-0.5714555210074569	1.1908093688387806	-0.6745848339936341	0.0202389540988941	1.0	
-0.5112979799669092	1.0693807602589613	-0.5796840410062529	0.021304162209362213	1.0	
-0.5596553708509511	1.1301420860896612	-0.7257649133526812	0.0202389540988941	1.0	
-0.21756418518957166	0.7681860563326584	-0.3088566479052725	0.02360571989957032	0.0	
-0.3268801148630033	1.0258913261989835	-0.3751046555033451	0.022425433904591806	0.0	
-0.3268801148630033	1.0258913261989835	-0.3751046555033451	0.022425433904591806	0.0	
-0.3380157050542874	1.2335398910790503	-0.447718120497672	0.021304162209362213	0.0	
-0.3380157050542874	1.2335398910790503	-0.447718120497672	0.021304162209362213	1.0	
-0.3615860658561699	1.3614077885057565	-0.5500129695109652	0.0202389540988941	1.0	
-0.3380157050542874	1.2335398910790503	-0.447718120497672	0.021304162209362213	1.0	
-0.38890687131433277	1.3901506679638735	-0.46362884001422894	0.0202389540988941	1.0	
-0.3380157050542874	1.2335398910790503	-0.447718120497672	0.021304162209362213	1.0	
-0.2909729732567367	1.3871482937917687	-0.48723314594851935	0.0202389540988941	1.0	
-0.3268801148630033	1.0258913261989835	-0.3751046555033451	0.022425433904591806	0.0	
-0.4257850625105091	1.1853082185260206	-0.4905113664684183	0.021304162209362213	0.0	
-0.4257850625105091	1.1853082185260206	-0.4905113664684183	0.021304162209362213	1.0	
-0.5447574748870867	1.2855488361192218	-0.5467908557441861	0.0202389540988941	1.0	
-0.4257850625105091	1.1853082185260206	-0.4905113664684183	0.021304162209362213	1.0	
-0.4506300084606942	1.3313014456548298	-0.5642589327235725	0.0202389540988941	1.0	
-0.4257850625105091	1.1853082185260206	-0.4905113664684183	0.021304162209362213	1.0	
-0.4966903982504992	1.2642066007138086	-0.6174659878378632	0.0202389540988941	1.0	
-0.3268801148630033	1.0258913261989835	-0.3751046555033451	0.022425433904591806	0.0	
-0.4322536848126577	1.218003269181915	-0.3526534799543835	0.021304162209362213	0.0	
-0.4322536848126577	1.218003269181915	-0.3526534799543835	0.021304162209362213	1.0	
-0.45694566360085453	1.380587439889133	-0.3345788885543083	0.0202389540988941	1.0	
-0.4322536848126577	1.218003269181915	-0.3526534799543835	0.021304162209362213	1.0	
-0.4926276110876788	1.3674746631077321	-0.3898460687231371	0.0202389540988941	1.0	
-0.4322536848126577	1.218003269181915	-0.3526534799543835	0.021304162209362213	1.0	
-0.5453278621400995	1.3285368499804797	-0.30400622748438755	0.0202389540988941	1.0	
-0.21756418518957166	0.7681860563326584	-0.3088566479052725	0.02360571989957032	0.0	
-0.20106099636917238	0.9994455612036519	-0.47914306331630147	0.022425433904591806	0.0	
-0.20106099636917238	0.9994455612036519	-0.47914306331630147	0.022425433904591806	0.0	
-0.16526364263662943	1.1223837010239308	-0.6583619418068739	0.021304162209362213	0.0	
-0.16526364263662943	1.1223837010239308	-0.6583619418068739	0.021304162209362213	1.0	
-0.17930018060385838	1.1796760696197637	-0.8129276473753596	0.0202389540988941	1.0	
-0.16526364263662943	1.1223837010239308	-0.6583619418068739	0.021304162209362213	1.0	
-0.15949953731123415	1.2546928480379484	-0.757513653549692	0.0202389540988941	1.0	
-0.16526364263662943	1.1223837010239308	-0.6583619418068739	0.021304162209362213	1.0	
-0.08417969840762143	1.2049698440174046	-0.7765775085019525	0.0202389540988941	1.0	
-0.20106099636917238	0.9994455612036519	-0.47914306331630147	0.022425433904591806	0.0	
-0.21499712688661715	1.2089886080078955	-0.545566997002415	0.021304162209362213	0.0	
-0.21499712688661715	1.2089886080078955	-0.545566997002415	0.021304162209362213	1.0	
-0.184710841461839	1.3713423405235075	-0.5552625469470098	0.0202389540988941	1.0	
-0.21499712688661715	1.2089886080078955	-0.545566997002415	0.021304162209362213	1.0	
-0.2145711773033167	1.3406926104548258	-0.6456862835646032	0.0202389540988941	1.0	
-0.21499712688661715	1.2089886080078955	-0.545566997002415	0.021304162209362213	1.0	
-0.2773123223199107	1.360028034855897	-0.5715266809536466	0.0202389540988941	1.0	
-0.20106099636917238	0.9994455612036519	-0.47914306331630147	0.022425433904591806	0.0	
-0.1158604637696706	1.152512931561072	-0.6126567050940894	0.021304162209362213	0.0	
-0.1158604637696706	1.152512931561072	-0.6126567050940894	0.021304162209362213	1.0	
-0.060727791307164186	1.225107798938569	-0.7507160071816187	0.0202389540988941	1.0	
-0.1158604637696706	1.152512931561072	-0.6126567050940894	0.021304162209362213	1.0	
-0.0967973558970773	1.2964728134920982	-0.6919167047657583	0.0202389540988941	1.0	
-0.1158604637696706	1.152512931561072	-0.6126567050940894	0.021304162209362213	1.0	
-0.008685503176687405	1.2617752287711328	-0.6754681329204244	0.0202389540988941	1.0	
